433.0 808.0
365.0 320.0
760.0 457.0
242.0 786.0
399.0 556.0
339.0 455.0
660.0 698.0
621.0 332.0
486.0 245.0
847.0 664.0
673.0 787.0
178.0 195.0
249.0 226.0
752.0 443.0
202.0 735.0
253.0 757.0
448.0 732.0
335.0 225.0
846.0 553.0
185.0 494.0
158.0 754.0
320.0 754.0
165.0 359.0
534.0 578.0
424.0 405.0
763.0 263.0
451.0 357.0
277.0 287.0
417.0 804.0
392.0 779.0
289.0 314.0
772.0 158.0
716.0 256.0
227.0 832.0
728.0 560.0
623.0 265.0
294.0 771.0
817.0 297.0
453.0 198.0
501.0 186.0
710.0 459.0
730.0 628.0
379.0 344.0
821.0 389.0
499.0 327.0
478.0 628.0
621.0 388.0
646.0 584.0
787.0 451.0
541.0 290.0
